START: [-0.099230, 0.352204, -0.151717]
END: [-0.099230, 0.352204, -0.151713]
WS05: [0.929121, 0.640518, 1.466569]
WS01: [1.795212, 0.502913, 1.414136]
WS02: [2.206490, 0.431183, 1.411127]
WS03: [2.591682, 0.357972, 1.421472]
WS04: [3.469858, 0.215594, 1.462379]
